name    gate_name   n   initial_state_number    construction_time   simulation_time diff    total_initial   percent
rec	X^(1/2)	2	0	1	2	0.0	1.0	0.0
rec	X^(1/4)	2	0	0	0	0.0	1.0	0.0
rec	X^(1/8)	2	0	1	0	0.0	1.0	0.0
rec	H	2	0	0	1	0.0	1.0	0.0
rec	X	2	0	0	1	0.0	1.0	0.0
rec	Y	2	0	0	0	0.0	1.0	0.0
rec	Z	2	0	0	0	0.0	1.0	0.0
rec	Rx	2	0	0	0	0.0	1.0	0.0
rec	Ry	2	0	1	0	0.0	1.0	0.0
rec	Rz	2	0	0	1	0.0	1.0	0.0
rec	X^(1/2)	2	1	0	1	0.0	1.0	0.0
rec	X^(1/4)	2	1	0	0	0.0	1.0	0.0
rec	X^(1/8)	2	1	0	0	0.0	1.0	0.0
rec	H	2	1	0	0	0.0	1.0	0.0
rec	X	2	1	0	0	0.0	1.0	0.0
rec	Y	2	1	1	0	0.0	1.0	0.0
rec	Z	2	1	0	1	0.0	1.0	0.0
rec	Rx	2	1	0	1	0.0	1.0	0.0
rec	Ry	2	1	0	0	0.0	1.0	0.0
rec	Rz	2	1	0	0	0.0	1.0	0.0
rec	X^(1/2)	2	2	0	0	0.0	1.4142135	0.0
rec	X^(1/4)	2	2	0	0	0.0	1.306563	0.0
rec	X^(1/8)	2	2	1	0	0.0	1.1758755	0.0
rec	H	2	2	0	1	0.0	1.4142135	0.0
rec	X	2	2	0	1	0.0	1.0	0.0
rec	Y	2	2	0	0	0.0	1.0	0.0
rec	Z	2	2	0	0	0.0	1.0	0.0
rec	Rx	2	2	0	0	0.0	1.3065629	0.0
rec	Ry	2	2	0	0	0.0	1.3065629	0.0
rec	Rz	2	2	0	1	0.0	1.0	0.0
rec	X^(1/2)	2	3	0	1	0.0	1.4142135	0.0
rec	X^(1/4)	2	3	0	0	0.0	1.306563	0.0
rec	X^(1/8)	2	3	0	0	0.0	1.1758755	0.0
rec	H	2	3	0	0	0.0	1.4142135	0.0
rec	X	2	3	0	0	0.0	1.0	0.0
rec	Y	2	3	1	0	0.0	1.0	0.0
rec	Z	2	3	0	1	0.0	1.0	0.0
rec	Rx	2	3	0	0	0.0	1.3065629	0.0
rec	Ry	2	3	0	0	0.0	1.3065629	0.0
rec	Rz	2	3	0	0	0.0	1.0	0.0
rec	X^(1/2)	3	0	0	1	0.0	1.0	0.0
rec	X^(1/4)	3	0	0	1	0.0	1.0	0.0
rec	X^(1/8)	3	0	0	1	0.0	1.0	0.0
rec	H	3	0	1	1	0.0	1.0	0.0
rec	X	3	0	1	1	0.0	1.0	0.0
rec	Y	3	0	1	0	0.0	1.0	0.0
rec	Z	3	0	0	1	0.0	1.0	0.0
rec	Rx	3	0	0	1	0.0	1.0	0.0
rec	Ry	3	0	0	1	0.0	1.0	0.0
rec	Rz	3	0	1	1	0.0	1.0	0.0
rec	X^(1/2)	3	1	1	1	0.0	1.0	0.0
rec	X^(1/4)	3	1	1	1	0.0	1.0	0.0
rec	X^(1/8)	3	1	0	1	0.0	1.0	0.0
rec	H	3	1	1	0	0.0	1.0	0.0
rec	X	3	1	1	1	0.0	1.0	0.0
rec	Y	3	1	1	1	0.0	1.0	0.0
rec	Z	3	1	1	0	0.0	1.0	0.0
rec	Rx	3	1	1	0	0.0	1.0	0.0
rec	Ry	3	1	1	0	0.0	1.0	0.0
rec	Rz	3	1	0	1	0.0	1.0	0.0
rec	X^(1/2)	3	2	1	1	0.0	1.0	0.0
rec	X^(1/4)	3	2	1	1	0.0	1.0	0.0
rec	X^(1/8)	3	2	1	1	0.0	1.0	0.0
rec	H	3	2	1	0	0.0	1.0	0.0
rec	X	3	2	1	1	0.0	1.0	0.0
rec	Y	3	2	1	1	0.0	1.0	0.0
rec	Z	3	2	0	1	0.0	1.0	0.0
rec	Rx	3	2	0	1	0.0	1.0	0.0
rec	Ry	3	2	1	1	0.0	1.0	0.0
rec	Rz	3	2	1	1	0.0	1.0	0.0
rec	X^(1/2)	3	3	1	1	0.0	1.0	0.0
rec	X^(1/4)	3	3	1	1	0.0	1.0	0.0
rec	X^(1/8)	3	3	0	1	0.0	1.0	0.0
rec	H	3	3	0	1	0.0	1.0	0.0
rec	X	3	3	1	1	0.0	1.0	0.0
rec	Y	3	3	1	1	0.0	1.0	0.0
rec	Z	3	3	0	1	0.0	1.0	0.0
rec	Rx	3	3	1	1	0.0	1.0	0.0
rec	Ry	3	3	1	1	0.0	1.0	0.0
rec	Rz	3	3	1	1	0.0	1.0	0.0
rec	X^(1/2)	3	4	1	1	0.0	1.0	0.0
rec	X^(1/4)	3	4	1	1	0.0	1.0	0.0
rec	X^(1/8)	3	4	1	1	0.0	1.0	0.0
rec	H	3	4	1	1	0.0	1.0	0.0
rec	X	3	4	1	1	0.0	1.0	0.0
rec	Y	3	4	1	0	0.0	1.0	0.0
rec	Z	3	4	0	1	0.0	1.0	0.0
rec	Rx	3	4	0	1	0.0	1.0	0.0
rec	Ry	3	4	0	1	0.0	1.0	0.0
rec	Rz	3	4	0	1	0.0	1.0	0.0
rec	X^(1/2)	3	5	0	1	0.0	1.0	0.0
rec	X^(1/4)	3	5	1	1	0.0	1.0	0.0
rec	X^(1/8)	3	5	1	1	0.0	1.0	0.0
rec	H	3	5	1	0	0.0	1.0	0.0
rec	X	3	5	0	1	0.0	1.0	0.0
rec	Y	3	5	0	1	0.0	1.0	0.0
rec	Z	3	5	1	1	0.0	1.0	0.0
rec	Rx	3	5	1	1	0.0	1.0	0.0
rec	Ry	3	5	1	0	0.0	1.0	0.0
rec	Rz	3	5	1	0	0.0	1.0	0.0
rec	X^(1/2)	3	6	1	0	0.0	1.4142135	0.0
rec	X^(1/4)	3	6	1	0	0.0	1.306563	0.0
rec	X^(1/8)	3	6	1	0	0.0	1.1758755	0.0
rec	H	3	6	0	1	0.0	1.4142135	0.0
rec	X	3	6	0	1	0.0	1.0	0.0
rec	Y	3	6	0	1	0.0	1.0	0.0
rec	Z	3	6	0	1	0.0	1.0	0.0
rec	Rx	3	6	0	1	0.0	1.3065629	0.0
rec	Ry	3	6	0	1	0.0	1.3065629	0.0
rec	Rz	3	6	1	1	0.0	1.0	0.0
rec	X^(1/2)	3	7	1	1	0.0	1.4142135	0.0
rec	X^(1/4)	3	7	1	0	0.0	1.306563	0.0
rec	X^(1/8)	3	7	0	1	0.0	1.1758755	0.0
rec	H	3	7	0	1	0.0	1.4142135	0.0
rec	X	3	7	0	1	0.0	1.0	0.0
rec	Y	3	7	0	1	0.0	1.0	0.0
rec	Z	3	7	1	1	0.0	1.0	0.0
rec	Rx	3	7	1	1	0.0	1.3065629	0.0
rec	Ry	3	7	1	0	0.0	1.3065629	0.0
rec	Rz	3	7	1	0	0.0	1.0	0.0
rec	X^(1/2)	4	0	2	2	0.0	1.0	0.0
rec	X^(1/4)	4	0	1	3	0.0	1.0	0.0
rec	X^(1/8)	4	0	2	3	0.0	1.0	0.0
rec	H	4	0	2	2	0.0	1.0	0.0
rec	X	4	0	2	2	0.0	1.0	0.0
rec	Y	4	0	2	2	0.0	1.0	0.0
rec	Z	4	0	1	3	0.0	1.0	0.0
rec	Rx	4	0	1	3	0.0	1.0	0.0
rec	Ry	4	0	2	3	0.0	1.0	0.0
rec	Rz	4	0	2	2	0.0	1.0	0.0
rec	X^(1/2)	4	1	2	2	0.0	1.0	0.0
rec	X^(1/4)	4	1	2	2	0.0	1.0	0.0
rec	X^(1/8)	4	1	2	2	0.0	1.0	0.0
rec	H	4	1	2	2	0.0	1.0	0.0
rec	X	4	1	2	2	0.0	1.0	0.0
rec	Y	4	1	2	3	0.0	1.0	0.0
rec	Z	4	1	2	2	0.0	1.0	0.0
rec	Rx	4	1	1	3	0.0	1.0	0.0
rec	Ry	4	1	2	3	0.0	1.0	0.0
rec	Rz	4	1	2	2	0.0	1.0	0.0
rec	X^(1/2)	4	2	2	2	0.0	1.0	0.0
rec	X^(1/4)	4	2	2	2	0.0	1.0	0.0
rec	X^(1/8)	4	2	2	2	0.0	1.0	0.0
rec	H	4	2	1	3	0.0	1.0	0.0
rec	X	4	2	1	3	0.0	1.0	0.0
rec	Y	4	2	2	2	0.0	1.0	0.0
rec	Z	4	2	2	2	0.0	1.0	0.0
rec	Rx	4	2	2	2	0.0	1.0	0.0
rec	Ry	4	2	2	2	0.0	1.0	0.0
rec	Rz	4	2	2	2	0.0	1.0	0.0
rec	X^(1/2)	4	3	2	2	0.0	1.0	0.0
rec	X^(1/4)	4	3	2	2	0.0	1.0	0.0
rec	X^(1/8)	4	3	2	2	0.0	1.0	0.0
rec	H	4	3	2	2	0.0	1.0	0.0
rec	X	4	3	2	2	0.0	1.0	0.0
rec	Y	4	3	2	2	0.0	1.0	0.0
rec	Z	4	3	1	3	0.0	1.0	0.0
rec	Rx	4	3	2	3	0.0	1.0	0.0
rec	Ry	4	3	2	3	0.0	1.0	0.0
rec	Rz	4	3	2	2	0.0	1.0	0.0
rec	X^(1/2)	4	4	2	2	0.0	1.0	0.0
rec	X^(1/4)	4	4	2	3	0.0	1.0	0.0
rec	X^(1/8)	4	4	2	2	0.0	1.0	0.0
rec	H	4	4	2	2	0.0	1.0	0.0
rec	X	4	4	2	2	0.0	1.0	0.0
rec	Y	4	4	2	2	0.0	1.0	0.0
rec	Z	4	4	2	2	0.0	1.0	0.0
rec	Rx	4	4	2	2	0.0	1.0	0.0
rec	Ry	4	4	2	2	0.0	1.0	0.0
rec	Rz	4	4	1	3	0.0	1.0	0.0
rec	X^(1/2)	4	5	2	3	0.0	1.0	0.0
rec	X^(1/4)	4	5	2	3	0.0	1.0	0.0
rec	X^(1/8)	4	5	2	3	0.0	1.0	0.0
rec	H	4	5	2	3	0.0	1.0	0.0
rec	X	4	5	2	2	0.0	1.0	0.0
rec	Y	4	5	2	2	0.0	1.0	0.0
rec	Z	4	5	1	2	0.0	1.0	0.0
rec	Rx	4	5	2	2	0.0	1.0	0.0
rec	Ry	4	5	2	2	0.0	1.0	0.0
rec	Rz	4	5	1	3	0.0	1.0	0.0
rec	X^(1/2)	4	6	1	2	0.0	1.0	0.0
rec	X^(1/4)	4	6	1	3	0.0	1.0	0.0
rec	X^(1/8)	4	6	2	2	0.0	1.0	0.0
rec	H	4	6	1	2	0.0	1.0	0.0
rec	X	4	6	2	2	0.0	1.0	0.0
rec	Y	4	6	1	2	0.0	1.0	0.0
rec	Z	4	6	2	2	0.0	1.0	0.0
rec	Rx	4	6	2	2	0.0	1.0	0.0
rec	Ry	4	6	1	2	0.0	1.0	0.0
rec	Rz	4	6	2	2	0.0	1.0	0.0
rec	X^(1/2)	4	7	2	2	0.0	1.0	0.0
rec	X^(1/4)	4	7	1	2	0.0	1.0	0.0
rec	X^(1/8)	4	7	2	2	0.0	1.0	0.0
rec	H	4	7	2	2	0.0	1.0	0.0
rec	X	4	7	1	2	0.0	1.0	0.0
rec	Y	4	7	1	2	0.0	1.0	0.0
rec	Z	4	7	2	2	0.0	1.0	0.0
rec	Rx	4	7	1	2	0.0	1.0	0.0
rec	Ry	4	7	2	2	0.0	1.0	0.0
rec	Rz	4	7	2	2	0.0	1.0	0.0
rec	X^(1/2)	4	8	2	2	0.0	1.0	0.0
rec	X^(1/4)	4	8	1	2	0.0	1.0	0.0
rec	X^(1/8)	4	8	2	2	0.0	1.0	0.0
rec	H	4	8	2	2	0.0	1.0	0.0
rec	X	4	8	2	2	0.0	1.0	0.0
rec	Y	4	8	1	2	0.0	1.0	0.0
rec	Z	4	8	2	2	0.0	1.0	0.0
rec	Rx	4	8	2	2	0.0	1.0	0.0
rec	Ry	4	8	2	2	0.0	1.0	0.0
rec	Rz	4	8	1	2	0.0	1.0	0.0
rec	X^(1/2)	4	9	1	3	0.0	1.0	0.0
rec	X^(1/4)	4	9	2	2	0.0	1.0	0.0
rec	X^(1/8)	4	9	2	2	0.0	1.0	0.0
rec	H	4	9	2	2	0.0	1.0	0.0
rec	X	4	9	1	2	0.0	1.0	0.0
rec	Y	4	9	1	2	0.0	1.0	0.0
rec	Z	4	9	2	2	0.0	1.0	0.0
rec	Rx	4	9	2	2	0.0	1.0	0.0
rec	Ry	4	9	2	2	0.0	1.0	0.0
rec	Rz	4	9	1	2	0.0	1.0	0.0
rec	X^(1/2)	4	10	2	2	0.0	1.0	0.0
rec	X^(1/4)	4	10	2	2	0.0	1.0	0.0
rec	X^(1/8)	4	10	2	2	0.0	1.0	0.0
rec	H	4	10	1	2	0.0	1.0	0.0
rec	X	4	10	1	2	0.0	1.0	0.0
rec	Y	4	10	2	2	0.0	1.0	0.0
rec	Z	4	10	2	2	0.0	1.0	0.0
rec	Rx	4	10	2	2	0.0	1.0	0.0
rec	Ry	4	10	1	2	0.0	1.0	0.0
rec	Rz	4	10	1	3	0.0	1.0	0.0
rec	X^(1/2)	4	11	2	2	0.0	1.0	0.0
rec	X^(1/4)	4	11	1	3	0.0	1.0	0.0
rec	X^(1/8)	4	11	2	2	0.0	1.0	0.0
rec	H	4	11	1	2	0.0	1.0	0.0
rec	X	4	11	2	2	0.0	1.0	0.0
rec	Y	4	11	2	2	0.0	1.0	0.0
rec	Z	4	11	2	2	0.0	1.0	0.0
rec	Rx	4	11	1	2	0.0	1.0	0.0
rec	Ry	4	11	1	3	0.0	1.0	0.0
rec	Rz	4	11	2	2	0.0	1.0	0.0
rec	X^(1/2)	4	12	2	2	0.0	1.0	0.0
rec	X^(1/4)	4	12	1	2	0.0	1.0	0.0
rec	X^(1/8)	4	12	1	2	0.0	1.0	0.0
rec	H	4	12	2	2	0.0	1.0	0.0
rec	X	4	12	2	2	0.0	1.0	0.0
rec	Y	4	12	2	2	0.0	1.0	0.0
rec	Z	4	12	1	2	0.0	1.0	0.0
rec	Rx	4	12	1	3	0.0	1.0	0.0
rec	Ry	4	12	2	2	0.0	1.0	0.0
rec	Rz	4	12	2	2	0.0	1.0	0.0
rec	X^(1/2)	4	13	2	2	0.0	1.0	0.0
rec	X^(1/4)	4	13	1	2	0.0	1.0	0.0
rec	X^(1/8)	4	13	2	2	0.0	1.0	0.0
rec	H	4	13	2	2	0.0	1.0	0.0
rec	X	4	13	2	2	0.0	1.0	0.0
rec	Y	4	13	1	2	0.0	1.0	0.0
rec	Z	4	13	1	2	0.0	1.0	0.0
rec	Rx	4	13	2	2	0.0	1.0	0.0
rec	Ry	4	13	2	2	0.0	1.0	0.0
rec	Rz	4	13	2	2	0.0	1.0	0.0
rec	X^(1/2)	4	14	1	2	0.0	1.4142135	0.0
rec	X^(1/4)	4	14	2	2	0.0	1.306563	0.0
rec	X^(1/8)	4	14	2	2	0.0	1.1758755	0.0
rec	H	4	14	2	2	0.0	1.4142135	0.0
rec	X	4	14	2	2	0.0	1.0	0.0
rec	Y	4	14	1	2	0.0	1.0	0.0
rec	Z	4	14	2	2	0.0	1.0	0.0
rec	Rx	4	14	2	2	0.0	1.3065629	0.0
rec	Ry	4	14	2	2	0.0	1.3065629	0.0
rec	Rz	4	14	1	2	0.0	1.0	0.0
rec	X^(1/2)	4	15	1	2	0.0	1.4142135	0.0
rec	X^(1/4)	4	15	2	2	0.0	1.306563	0.0
rec	X^(1/8)	4	15	2	2	0.0	1.1758755	0.0
rec	H	4	15	2	2	0.0	1.4142135	0.0
rec	X	4	15	2	2	0.0	1.0	0.0
rec	Y	4	15	2	2	0.0	1.0	0.0
rec	Z	4	15	1	2	0.0	1.0	0.0
rec	Rx	4	15	2	2	0.0	1.3065629	0.0
rec	Ry	4	15	2	2	0.0	1.3065629	0.0
rec	Rz	4	15	1	2	0.0	1.0	0.0
rec	X^(1/2)	5	0	5	6	0.0	1.0	0.0
rec	X^(1/4)	5	0	5	6	0.0	1.0	0.0
rec	X^(1/8)	5	0	5	6	0.0	1.0	0.0
rec	H	5	0	5	7	0.0	1.0	0.0
rec	X	5	0	5	6	0.0	1.0	0.0
rec	Y	5	0	5	6	0.0	1.0	0.0
rec	Z	5	0	5	6	0.0	1.0	0.0
rec	Rx	5	0	5	7	0.0	1.0	0.0
rec	Ry	5	0	5	6	0.0	1.0	0.0
rec	Rz	5	0	5	7	0.0	1.0	0.0
rec	X^(1/2)	5	1	6	6	0.0	1.0	0.0
rec	X^(1/4)	5	1	5	6	0.0	1.0	0.0
rec	X^(1/8)	5	1	5	7	0.0	1.0	0.0
rec	H	5	1	9	10	0.0	1.0	0.0
rec	X	5	1	8	7	0.0	1.0	0.0
rec	Y	5	1	9	7	0.0	1.0	0.0
rec	Z	5	1	6	7	0.0	1.0	0.0
rec	Rx	5	1	9	12	0.0	1.0	0.0
rec	Ry	5	1	9	11	0.0	1.0	0.0
rec	Rz	5	1	6	12	0.0	1.0	0.0
rec	X^(1/2)	5	2	10	8	0.0	1.0	0.0
rec	X^(1/4)	5	2	5	10	0.0	1.0	0.0
rec	X^(1/8)	5	2	6	8	0.0	1.0	0.0
rec	H	5	2	6	8	0.0	1.0	0.0
rec	X	5	2	5	8	0.0	1.0	0.0
rec	Y	5	2	6	7	0.0	1.0	0.0
rec	Z	5	2	6	7	0.0	1.0	0.0
rec	Rx	5	2	8	7	0.0	1.0	0.0
rec	Ry	5	2	9	6	0.0	1.0	0.0
rec	Rz	5	2	9	7	0.0	1.0	0.0
rec	X^(1/2)	5	3	8	7	0.0	1.0	0.0
rec	X^(1/4)	5	3	10	11	0.0	1.0	0.0
rec	X^(1/8)	5	3	9	12	0.0	1.0	0.0
rec	H	5	3	6	16	0.0	1.0	0.0
rec	X	5	3	11	6	0.0	1.0	0.0
rec	Y	5	3	7	6	0.0	1.0	0.0
rec	Z	5	3	6	6	0.0	1.0	0.0
rec	Rx	5	3	5	7	0.0	1.0	0.0
rec	Ry	5	3	6	6	0.0	1.0	0.0
rec	Rz	5	3	5	7	0.0	1.0	0.0
rec	X^(1/2)	5	4	5	6	0.0	1.0	0.0
rec	X^(1/4)	5	4	5	7	0.0	1.0	0.0
rec	X^(1/8)	5	4	6	6	0.0	1.0	0.0
rec	H	5	4	6	6	0.0	1.0	0.0
rec	X	5	4	6	6	0.0	1.0	0.0
rec	Y	5	4	5	7	0.0	1.0	0.0
rec	Z	5	4	6	6	0.0	1.0	0.0
rec	Rx	5	4	6	7	0.0	1.0	0.0
rec	Ry	5	4	5	7	0.0	1.0	0.0
rec	Rz	5	4	5	7	0.0	1.0	0.0
rec	X^(1/2)	5	5	5	7	0.0	1.0	0.0
rec	X^(1/4)	5	5	6	6	0.0	1.0	0.0
rec	X^(1/8)	5	5	5	7	0.0	1.0	0.0
rec	H	5	5	6	7	0.0	1.0	0.0
rec	X	5	5	5	6	0.0	1.0	0.0
rec	Y	5	5	6	6	0.0	1.0	0.0
rec	Z	5	5	6	7	0.0	1.0	0.0
rec	Rx	5	5	5	7	0.0	1.0	0.0
rec	Ry	5	5	5	6	0.0	1.0	0.0
rec	Rz	5	5	5	7	0.0	1.0	0.0
rec	X^(1/2)	5	6	6	6	0.0	1.0	0.0
rec	X^(1/4)	5	6	5	7	0.0	1.0	0.0
rec	X^(1/8)	5	6	5	7	0.0	1.0	0.0
rec	H	5	6	7	6	0.0	1.0	0.0
rec	X	5	6	6	6	0.0	1.0	0.0
rec	Y	5	6	6	6	0.0	1.0	0.0
rec	Z	5	6	5	6	0.0	1.0	0.0
rec	Rx	5	6	5	6	0.0	1.0	0.0
rec	Ry	5	6	5	6	0.0	1.0	0.0
rec	Rz	5	6	5	6	0.0	1.0	0.0
rec	X^(1/2)	5	7	6	6	0.0	1.0	0.0
rec	X^(1/4)	5	7	6	6	0.0	1.0	0.0
rec	X^(1/8)	5	7	5	6	0.0	1.0	0.0
rec	H	5	7	5	6	0.0	1.0	0.0
rec	X	5	7	5	7	0.0	1.0	0.0
rec	Y	5	7	5	6	0.0	1.0	0.0
rec	Z	5	7	5	7	0.0	1.0	0.0
rec	Rx	5	7	6	6	0.0	1.0	0.0
rec	Ry	5	7	6	6	0.0	1.0	0.0
rec	Rz	5	7	5	7	0.0	1.0	0.0
rec	X^(1/2)	5	8	5	7	0.0	1.0	0.0
rec	X^(1/4)	5	8	5	6	0.0	1.0	0.0
rec	X^(1/8)	5	8	7	6	0.0	1.0	0.0
rec	H	5	8	6	6	0.0	1.0	0.0
rec	X	5	8	5	7	0.0	1.0	0.0
rec	Y	5	8	5	7	0.0	1.0	0.0
rec	Z	5	8	5	6	0.0	1.0	0.0
rec	Rx	5	8	5	6	0.0	1.0	0.0
rec	Ry	5	8	5	7	0.0	1.0	0.0
rec	Rz	5	8	5	6	0.0	1.0	0.0
rec	X^(1/2)	5	9	5	6	0.0	1.0	0.0
rec	X^(1/4)	5	9	5	7	0.0	1.0	0.0
rec	X^(1/8)	5	9	5	7	0.0	1.0	0.0
rec	H	5	9	5	7	0.0	1.0	0.0
rec	X	5	9	5	6	0.0	1.0	0.0
rec	Y	5	9	5	6	0.0	1.0	0.0
rec	Z	5	9	5	6	0.0	1.0	0.0
rec	Rx	5	9	5	6	0.0	1.0	0.0
rec	Ry	5	9	6	6	0.0	1.0	0.0
rec	Rz	5	9	5	6	0.0	1.0	0.0
rec	X^(1/2)	5	10	5	6	0.0	1.0	0.0
rec	X^(1/4)	5	10	5	6	0.0	1.0	0.0
rec	X^(1/8)	5	10	5	6	0.0	1.0	0.0
rec	H	5	10	6	6	0.0	1.0	0.0
rec	X	5	10	5	6	0.0	1.0	0.0
rec	Y	5	10	5	6	0.0	1.0	0.0
rec	Z	5	10	5	6	0.0	1.0	0.0
rec	Rx	5	10	5	6	0.0	1.0	0.0
rec	Ry	5	10	5	7	0.0	1.0	0.0
rec	Rz	5	10	5	6	0.0	1.0	0.0
rec	X^(1/2)	5	11	5	7	0.0	1.0	0.0
rec	X^(1/4)	5	11	6	7	0.0	1.0	0.0
rec	X^(1/8)	5	11	5	7	0.0	1.0	0.0
rec	H	5	11	5	6	0.0	1.0	0.0
rec	X	5	11	5	6	0.0	1.0	0.0
rec	Y	5	11	5	6	0.0	1.0	0.0
rec	Z	5	11	5	7	0.0	1.0	0.0
rec	Rx	5	11	5	6	0.0	1.0	0.0
rec	Ry	5	11	5	6	0.0	1.0	0.0
rec	Rz	5	11	5	6	0.0	1.0	0.0
rec	X^(1/2)	5	12	5	7	0.0	1.0	0.0
rec	X^(1/4)	5	12	5	6	0.0	1.0	0.0
rec	X^(1/8)	5	12	5	6	0.0	1.0	0.0
rec	H	5	12	5	6	0.0	1.0	0.0
rec	X	5	12	5	6	0.0	1.0	0.0
rec	Y	5	12	5	6	0.0	1.0	0.0
rec	Z	5	12	5	6	0.0	1.0	0.0
rec	Rx	5	12	5	7	0.0	1.0	0.0
rec	Ry	5	12	5	6	0.0	1.0	0.0
rec	Rz	5	12	5	5	0.0	1.0	0.0
rec	X^(1/2)	5	13	5	6	0.0	1.0	0.0
rec	X^(1/4)	5	13	5	6	0.0	1.0	0.0
rec	X^(1/8)	5	13	5	6	0.0	1.0	0.0
rec	H	5	13	5	6	0.0	1.0	0.0
rec	X	5	13	5	6	0.0	1.0	0.0
rec	Y	5	13	5	6	0.0	1.0	0.0
rec	Z	5	13	5	6	0.0	1.0	0.0
rec	Rx	5	13	5	6	0.0	1.0	0.0
rec	Ry	5	13	5	7	0.0	1.0	0.0
rec	Rz	5	13	5	6	0.0	1.0	0.0
rec	X^(1/2)	5	14	5	6	0.0	1.0	0.0
rec	X^(1/4)	5	14	5	6	0.0	1.0	0.0
rec	X^(1/8)	5	14	5	6	0.0	1.0	0.0
rec	H	5	14	5	6	0.0	1.0	0.0
rec	X	5	14	5	6	0.0	1.0	0.0
rec	Y	5	14	5	6	0.0	1.0	0.0
rec	Z	5	14	5	6	0.0	1.0	0.0
rec	Rx	5	14	5	6	0.0	1.0	0.0
rec	Ry	5	14	5	7	0.0	1.0	0.0
rec	Rz	5	14	5	6	0.0	1.0	0.0
rec	X^(1/2)	5	15	5	6	0.0	1.0	0.0
rec	X^(1/4)	5	15	5	7	0.0	1.0	0.0
rec	X^(1/8)	5	15	5	6	0.0	1.0	0.0
rec	H	5	15	5	7	0.0	1.0	0.0
rec	X	5	15	6	6	0.0	1.0	0.0
rec	Y	5	15	5	6	0.0	1.0	0.0
rec	Z	5	15	5	6	0.0	1.0	0.0
rec	Rx	5	15	5	6	0.0	1.0	0.0
rec	Ry	5	15	5	6	0.0	1.0	0.0
rec	Rz	5	15	5	6	0.0	1.0	0.0
rec	X^(1/2)	5	16	5	6	0.0	1.0	0.0
rec	X^(1/4)	5	16	5	6	0.0	1.0	0.0
rec	X^(1/8)	5	16	5	6	0.0	1.0	0.0
rec	H	5	16	5	7	0.0	1.0	0.0
rec	X	5	16	5	6	0.0	1.0	0.0
rec	Y	5	16	5	6	0.0	1.0	0.0
rec	Z	5	16	5	6	0.0	1.0	0.0
rec	Rx	5	16	5	7	0.0	1.0	0.0
rec	Ry	5	16	5	6	0.0	1.0	0.0
rec	Rz	5	16	5	6	0.0	1.0	0.0
rec	X^(1/2)	5	17	5	7	0.0	1.0	0.0
rec	X^(1/4)	5	17	5	6	0.0	1.0	0.0
rec	X^(1/8)	5	17	5	7	0.0	1.0	0.0
rec	H	5	17	5	7	0.0	1.0	0.0
rec	X	5	17	5	6	0.0	1.0	0.0
rec	Y	5	17	5	6	0.0	1.0	0.0
rec	Z	5	17	5	6	0.0	1.0	0.0
rec	Rx	5	17	5	7	0.0	1.0	0.0
rec	Ry	5	17	5	6	0.0	1.0	0.0
rec	Rz	5	17	5	6	0.0	1.0	0.0
rec	X^(1/2)	5	18	5	6	0.0	1.0	0.0
rec	X^(1/4)	5	18	5	7	0.0	1.0	0.0
rec	X^(1/8)	5	18	5	6	0.0	1.0	0.0
rec	H	5	18	5	6	0.0	1.0	0.0
rec	X	5	18	5	7	0.0	1.0	0.0
rec	Y	5	18	5	6	0.0	1.0	0.0
rec	Z	5	18	5	6	0.0	1.0	0.0
rec	Rx	5	18	5	6	0.0	1.0	0.0
rec	Ry	5	18	5	6	0.0	1.0	0.0
rec	Rz	5	18	5	6	0.0	1.0	0.0
rec	X^(1/2)	5	19	5	6	0.0	1.0	0.0
rec	X^(1/4)	5	19	5	6	0.0	1.0	0.0
rec	X^(1/8)	5	19	5	6	0.0	1.0	0.0
rec	H	5	19	5	6	0.0	1.0	0.0
rec	X	5	19	5	7	0.0	1.0	0.0
rec	Y	5	19	5	6	0.0	1.0	0.0
rec	Z	5	19	6	6	0.0	1.0	0.0
rec	Rx	5	19	5	6	0.0	1.0	0.0
rec	Ry	5	19	5	6	0.0	1.0	0.0
rec	Rz	5	19	5	6	0.0	1.0	0.0
rec	X^(1/2)	5	20	5	6	0.0	1.0	0.0
rec	X^(1/4)	5	20	5	6	0.0	1.0	0.0
rec	X^(1/8)	5	20	5	6	0.0	1.0	0.0
rec	H	5	20	5	6	0.0	1.0	0.0
rec	X	5	20	5	6	0.0	1.0	0.0
rec	Y	5	20	5	6	0.0	1.0	0.0
rec	Z	5	20	5	6	0.0	1.0	0.0
rec	Rx	5	20	5	6	0.0	1.0	0.0
rec	Ry	5	20	5	6	0.0	1.0	0.0
rec	Rz	5	20	5	6	0.0	1.0	0.0
rec	X^(1/2)	5	21	5	6	0.0	1.0	0.0
rec	X^(1/4)	5	21	5	6	0.0	1.0	0.0
rec	X^(1/8)	5	21	5	7	0.0	1.0	0.0
rec	H	5	21	5	6	0.0	1.0	0.0
rec	X	5	21	5	6	0.0	1.0	0.0
rec	Y	5	21	5	7	0.0	1.0	0.0
rec	Z	5	21	5	6	0.0	1.0	0.0
rec	Rx	5	21	5	6	0.0	1.0	0.0
rec	Ry	5	21	5	7	0.0	1.0	0.0
rec	Rz	5	21	5	6	0.0	1.0	0.0
rec	X^(1/2)	5	22	5	6	0.0	1.0	0.0
rec	X^(1/4)	5	22	5	7	0.0	1.0	0.0
rec	X^(1/8)	5	22	5	6	0.0	1.0	0.0
rec	H	5	22	5	6	0.0	1.0	0.0
rec	X	5	22	5	6	0.0	1.0	0.0
rec	Y	5	22	5	6	0.0	1.0	0.0
rec	Z	5	22	5	6	0.0	1.0	0.0
rec	Rx	5	22	6	6	0.0	1.0	0.0
rec	Ry	5	22	5	6	0.0	1.0	0.0
rec	Rz	5	22	5	6	0.0	1.0	0.0
rec	X^(1/2)	5	23	5	6	0.0	1.0	0.0
rec	X^(1/4)	5	23	5	6	0.0	1.0	0.0
rec	X^(1/8)	5	23	5	6	0.0	1.0	0.0
rec	H	5	23	5	7	0.0	1.0	0.0
rec	X	5	23	5	7	0.0	1.0	0.0
rec	Y	5	23	5	6	0.0	1.0	0.0
rec	Z	5	23	5	6	0.0	1.0	0.0
rec	Rx	5	23	5	6	0.0	1.0	0.0
rec	Ry	5	23	5	7	0.0	1.0	0.0
rec	Rz	5	23	5	6	0.0	1.0	0.0
rec	X^(1/2)	5	24	5	6	0.0	1.0	0.0
rec	X^(1/4)	5	24	5	6	0.0	1.0	0.0
rec	X^(1/8)	5	24	5	6	0.0	1.0	0.0
rec	H	5	24	5	6	0.0	1.0	0.0
rec	X	5	24	5	6	0.0	1.0	0.0
rec	Y	5	24	5	6	0.0	1.0	0.0
rec	Z	5	24	5	6	0.0	1.0	0.0
rec	Rx	5	24	5	6	0.0	1.0	0.0
rec	Ry	5	24	5	7	0.0	1.0	0.0
rec	Rz	5	24	4	6	0.0	1.0	0.0
rec	X^(1/2)	5	25	5	6	0.0	1.0	0.0
rec	X^(1/4)	5	25	5	6	0.0	1.0	0.0
rec	X^(1/8)	5	25	5	6	0.0	1.0	0.0
rec	H	5	25	5	7	0.0	1.0	0.0
rec	X	5	25	5	6	0.0	1.0	0.0
rec	Y	5	25	5	6	0.0	1.0	0.0
rec	Z	5	25	5	6	0.0	1.0	0.0
rec	Rx	5	25	6	6	0.0	1.0	0.0
rec	Ry	5	25	5	6	0.0	1.0	0.0
rec	Rz	5	25	5	6	0.0	1.0	0.0
rec	X^(1/2)	5	26	5	6	0.0	1.0	0.0
rec	X^(1/4)	5	26	5	6	0.0	1.0	0.0
rec	X^(1/8)	5	26	5	6	0.0	1.0	0.0
rec	H	5	26	5	6	0.0	1.0	0.0
rec	X	5	26	5	6	0.0	1.0	0.0
rec	Y	5	26	5	6	0.0	1.0	0.0
rec	Z	5	26	5	6	0.0	1.0	0.0
rec	Rx	5	26	5	6	0.0	1.0	0.0
rec	Ry	5	26	5	6	0.0	1.0	0.0
rec	Rz	5	26	5	6	0.0	1.0	0.0
rec	X^(1/2)	5	27	5	6	0.0	1.0	0.0
rec	X^(1/4)	5	27	5	6	0.0	1.0	0.0
rec	X^(1/8)	5	27	5	7	0.0	1.0	0.0
rec	H	5	27	5	6	0.0	1.0	0.0
rec	X	5	27	5	6	0.0	1.0	0.0
rec	Y	5	27	5	7	0.0	1.0	0.0
rec	Z	5	27	5	6	0.0	1.0	0.0
rec	Rx	5	27	5	6	0.0	1.0	0.0
rec	Ry	5	27	5	7	0.0	1.0	0.0
rec	Rz	5	27	5	6	0.0	1.0	0.0
rec	X^(1/2)	5	28	5	7	0.0	1.0	0.0
rec	X^(1/4)	5	28	5	6	0.0	1.0	0.0
rec	X^(1/8)	5	28	5	6	0.0	1.0	0.0
rec	H	5	28	5	6	0.0	1.0	0.0
rec	X	5	28	5	6	0.0	1.0	0.0
rec	Y	5	28	5	7	0.0	1.0	0.0
rec	Z	5	28	5	6	0.0	1.0	0.0
rec	Rx	5	28	5	6	0.0	1.0	0.0
rec	Ry	5	28	5	6	0.0	1.0	0.0
rec	Rz	5	28	5	6	0.0	1.0	0.0
rec	X^(1/2)	5	29	5	6	0.0	1.0	0.0
rec	X^(1/4)	5	29	5	6	0.0	1.0	0.0
rec	X^(1/8)	5	29	5	7	0.0	1.0	0.0
rec	H	5	29	5	6	0.0	1.0	0.0
rec	X	5	29	5	6	0.0	1.0	0.0
rec	Y	5	29	5	6	0.0	1.0	0.0
rec	Z	5	29	5	6	0.0	1.0	0.0
rec	Rx	5	29	5	6	0.0	1.0	0.0
rec	Ry	5	29	5	6	0.0	1.0	0.0
rec	Rz	5	29	5	6	0.0	1.0	0.0
rec	X^(1/2)	5	30	5	6	0.0	1.4142135	0.0
rec	X^(1/4)	5	30	5	6	0.0	1.306563	0.0
rec	X^(1/8)	5	30	5	6	0.0	1.1758755	0.0
rec	H	5	30	5	6	0.0	1.4142135	0.0
rec	X	5	30	5	6	0.0	1.0	0.0
rec	Y	5	30	5	6	0.0	1.0	0.0
rec	Z	5	30	5	7	0.0	1.0	0.0
rec	Rx	5	30	5	6	0.0	1.3065629	0.0
rec	Ry	5	30	5	6	0.0	1.3065629	0.0
rec	Rz	5	30	5	7	0.0	1.0	0.0
rec	X^(1/2)	5	31	5	6	0.0	1.4142135	0.0
rec	X^(1/4)	5	31	5	6	0.0	1.306563	0.0
rec	X^(1/8)	5	31	5	7	0.0	1.1758755	0.0
rec	H	5	31	5	6	0.0	1.4142135	0.0
rec	X	5	31	5	6	0.0	1.0	0.0
rec	Y	5	31	5	7	0.0	1.0	0.0
rec	Z	5	31	5	6	0.0	1.0	0.0
rec	Rx	5	31	5	6	0.0	1.3065629	0.0
rec	Ry	5	31	5	7	0.0	1.3065629	0.0
rec	Rz	5	31	5	6	0.0	1.0	0.0
rec	X^(1/2)	6	0	15	19	0.0	1.0	0.0
rec	X^(1/4)	6	0	16	20	0.0	1.0	0.0
rec	X^(1/8)	6	0	17	24	0.0	1.0	0.0
rec	H	6	0	17	24	0.0	1.0	0.0
rec	X	6	0	17	24	0.0	1.0	0.0
rec	Y	6	0	18	22	0.0	1.0	0.0
rec	Z	6	0	18	23	0.0	1.0	0.0
rec	Rx	6	0	17	24	0.0	1.0	0.0
rec	Ry	6	0	17	23	0.0	1.0	0.0
rec	Rz	6	0	17	23	0.0	1.0	0.0
rec	X^(1/2)	6	1	18	24	0.0	1.0	0.0
rec	X^(1/4)	6	1	18	24	0.0	1.0	0.0
rec	X^(1/8)	6	1	17	23	0.0	1.0	0.0
rec	H	6	1	18	24	0.0	1.0	0.0
rec	X	6	1	17	23	0.0	1.0	0.0
rec	Y	6	1	17	24	0.0	1.0	0.0
rec	Z	6	1	17	24	0.0	1.0	0.0
rec	Rx	6	1	16	24	0.0	1.0	0.0
rec	Ry	6	1	17	24	0.0	1.0	0.0
rec	Rz	6	1	42	24	0.0	1.0	0.0
rec	X^(1/2)	6	2	17	23	0.0	1.0	0.0
rec	X^(1/4)	6	2	17	24	0.0	1.0	0.0
rec	X^(1/8)	6	2	16	24	0.0	1.0	0.0
rec	H	6	2	18	23	0.0	1.0	0.0
rec	X	6	2	18	23	0.0	1.0	0.0
rec	Y	6	2	18	24	0.0	1.0	0.0
rec	Z	6	2	17	23	0.0	1.0	0.0
rec	Rx	6	2	17	24	0.0	1.0	0.0
rec	Ry	6	2	17	23	0.0	1.0	0.0
rec	Rz	6	2	17	24	0.0	1.0	0.0
rec	X^(1/2)	6	3	17	19	0.0	1.0	0.0
rec	X^(1/4)	6	3	15	19	0.0	1.0	0.0
rec	X^(1/8)	6	3	15	19	0.0	1.0	0.0
rec	H	6	3	15	19	0.0	1.0	0.0
rec	X	6	3	15	19	0.0	1.0	0.0
rec	Y	6	3	15	19	0.0	1.0	0.0
rec	Z	6	3	15	19	0.0	1.0	0.0
rec	Rx	6	3	16	19	0.0	1.0	0.0
rec	Ry	6	3	16	19	0.0	1.0	0.0
rec	Rz	6	3	16	19	0.0	1.0	0.0
rec	X^(1/2)	6	4	16	19	0.0	1.0	0.0
rec	X^(1/4)	6	4	15	19	0.0	1.0	0.0
rec	X^(1/8)	6	4	15	19	0.0	1.0	0.0
rec	H	6	4	15	19	0.0	1.0	0.0
rec	X	6	4	15	19	0.0	1.0	0.0
rec	Y	6	4	23	19	0.0	1.0	0.0
rec	Z	6	4	24	19	0.0	1.0	0.0
rec	Rx	6	4	23	19	0.0	1.0	0.0
rec	Ry	6	4	23	19	0.0	1.0	0.0
rec	Rz	6	4	23	19	0.0	1.0	0.0
rec	X^(1/2)	6	5	23	19	0.0	1.0	0.0
rec	X^(1/4)	6	5	15	18	0.0	1.0	0.0
rec	X^(1/8)	6	5	15	20	0.0	1.0	0.0
rec	H	6	5	17	19	0.0	1.0	0.0
rec	X	6	5	16	19	0.0	1.0	0.0
rec	Y	6	5	16	19	0.0	1.0	0.0
rec	Z	6	5	15	19	0.0	1.0	0.0
rec	Rx	6	5	17	19	0.0	1.0	0.0
rec	Ry	6	5	15	19	0.0	1.0	0.0
rec	Rz	6	5	15	19	0.0	1.0	0.0
rec	X^(1/2)	6	6	15	19	0.0	1.0	0.0
rec	X^(1/4)	6	6	16	19	0.0	1.0	0.0
rec	X^(1/8)	6	6	15	19	0.0	1.0	0.0
rec	H	6	6	15	19	0.0	1.0	0.0
rec	X	6	6	15	19	0.0	1.0	0.0
rec	Y	6	6	16	19	0.0	1.0	0.0
rec	Z	6	6	15	19	0.0	1.0	0.0
rec	Rx	6	6	16	19	0.0	1.0	0.0
rec	Ry	6	6	15	19	0.0	1.0	0.0
rec	Rz	6	6	15	19	0.0	1.0	0.0
rec	X^(1/2)	6	7	16	21	0.0	1.0	0.0
rec	X^(1/4)	6	7	16	19	0.0	1.0	0.0
rec	X^(1/8)	6	7	15	19	0.0	1.0	0.0
rec	H	6	7	15	19	0.0	1.0	0.0
rec	X	6	7	16	19	0.0	1.0	0.0
rec	Y	6	7	16	18	0.0	1.0	0.0
rec	Z	6	7	15	19	0.0	1.0	0.0
rec	Rx	6	7	15	19	0.0	1.0	0.0
rec	Ry	6	7	16	19	0.0	1.0	0.0
rec	Rz	6	7	16	19	0.0	1.0	0.0
rec	X^(1/2)	6	8	15	18	0.0	1.0	0.0
rec	X^(1/4)	6	8	15	18	0.0	1.0	0.0
rec	X^(1/8)	6	8	15	19	0.0	1.0	0.0
rec	H	6	8	15	19	0.0	1.0	0.0
rec	X	6	8	15	19	0.0	1.0	0.0
rec	Y	6	8	15	20	0.0	1.0	0.0
rec	Z	6	8	15	19	0.0	1.0	0.0
rec	Rx	6	8	15	20	0.0	1.0	0.0
rec	Ry	6	8	18	20	0.0	1.0	0.0
rec	Rz	6	8	15	19	0.0	1.0	0.0
rec	X^(1/2)	6	9	15	19	0.0	1.0	0.0
rec	X^(1/4)	6	9	15	19	0.0	1.0	0.0
rec	X^(1/8)	6	9	16	18	0.0	1.0	0.0
rec	H	6	9	16	19	0.0	1.0	0.0
rec	X	6	9	15	19	0.0	1.0	0.0
rec	Y	6	9	15	19	0.0	1.0	0.0
rec	Z	6	9	15	19	0.0	1.0	0.0
rec	Rx	6	9	15	19	0.0	1.0	0.0
rec	Ry	6	9	15	19	0.0	1.0	0.0
rec	Rz	6	9	16	19	0.0	1.0	0.0
rec	X^(1/2)	6	10	15	19	0.0	1.0	0.0
rec	X^(1/4)	6	10	15	19	0.0	1.0	0.0
rec	X^(1/8)	6	10	15	19	0.0	1.0	0.0
rec	H	6	10	16	19	0.0	1.0	0.0
rec	X	6	10	16	19	0.0	1.0	0.0
rec	Y	6	10	16	19	0.0	1.0	0.0
rec	Z	6	10	20	20	0.0	1.0	0.0
rec	Rx	6	10	15	19	0.0	1.0	0.0
rec	Ry	6	10	16	19	0.0	1.0	0.0
rec	Rz	6	10	15	19	0.0	1.0	0.0
rec	X^(1/2)	6	11	16	20	0.0	1.0	0.0
rec	X^(1/4)	6	11	16	20	0.0	1.0	0.0
rec	X^(1/8)	6	11	16	20	0.0	1.0	0.0
rec	H	6	11	15	19	0.0	1.0	0.0
rec	X	6	11	16	19	0.0	1.0	0.0
rec	Y	6	11	15	19	0.0	1.0	0.0
rec	Z	6	11	16	19	0.0	1.0	0.0
rec	Rx	6	11	15	19	0.0	1.0	0.0
rec	Ry	6	11	16	18	0.0	1.0	0.0
rec	Rz	6	11	15	19	0.0	1.0	0.0
rec	X^(1/2)	6	12	15	19	0.0	1.0	0.0
rec	X^(1/4)	6	12	15	20	0.0	1.0	0.0
rec	X^(1/8)	6	12	16	19	0.0	1.0	0.0
rec	H	6	12	16	19	0.0	1.0	0.0
rec	X	6	12	16	19	0.0	1.0	0.0
rec	Y	6	12	16	19	0.0	1.0	0.0
rec	Z	6	12	19	25	0.0	1.0	0.0
rec	Rx	6	12	19	25	0.0	1.0	0.0
rec	Ry	6	12	20	27	0.0	1.0	0.0
rec	Rz	6	12	19	25	0.0	1.0	0.0
rec	X^(1/2)	6	13	18	24	0.0	1.0	0.0
rec	X^(1/4)	6	13	17	24	0.0	1.0	0.0
rec	X^(1/8)	6	13	16	25	0.0	1.0	0.0
rec	H	6	13	17	26	0.0	1.0	0.0
rec	X	6	13	20	24	0.0	1.0	0.0
rec	Y	6	13	20	25	0.0	1.0	0.0
rec	Z	6	13	20	25	0.0	1.0	0.0
rec	Rx	6	13	19	22	0.0	1.0	0.0
rec	Ry	6	13	17	21	0.0	1.0	0.0
rec	Rz	6	13	17	22	0.0	1.0	0.0
rec	X^(1/2)	6	14	18	20	0.0	1.0	0.0
rec	X^(1/4)	6	14	17	20	0.0	1.0	0.0
rec	X^(1/8)	6	14	19	20	0.0	1.0	0.0
rec	H	6	14	31	40	0.0	1.0	0.0
rec	X	6	14	31	55	0.0	1.0	0.0
rec	Y	6	14	50	27	0.0	1.0	0.0
rec	Z	6	14	20	29	0.0	1.0	0.0
rec	Rx	6	14	28	23	0.0	1.0	0.0
rec	Ry	6	14	21	20	0.0	1.0	0.0
rec	Rz	6	14	16	21	0.0	1.0	0.0
rec	X^(1/2)	6	15	21	28	0.0	1.0	0.0
rec	X^(1/4)	6	15	26	44	0.0	1.0	0.0
rec	X^(1/8)	6	15	38	27	0.0	1.0	0.0
rec	H	6	15	22	23	0.0	1.0	0.0
rec	X	6	15	17	22	0.0	1.0	0.0
rec	Y	6	15	16	19	0.0	1.0	0.0
rec	Z	6	15	16	19	0.0	1.0	0.0
rec	Rx	6	15	16	20	0.0	1.0	0.0
rec	Ry	6	15	16	20	0.0	1.0	0.0
rec	Rz	6	15	16	23	0.0	1.0	0.0
rec	X^(1/2)	6	16	18	20	0.0	1.0	0.0
rec	X^(1/4)	6	16	22	25	0.0	1.0	0.0
rec	X^(1/8)	6	16	21	28	0.0	1.0	0.0
rec	H	6	16	20	25	0.0	1.0	0.0
rec	X	6	16	20	22	0.0	1.0	0.0
rec	Y	6	16	16	20	0.0	1.0	0.0
rec	Z	6	16	17	21	0.0	1.0	0.0
rec	Rx	6	16	16	20	0.0	1.0	0.0
rec	Ry	6	16	19	21	0.0	1.0	0.0
rec	Rz	6	16	19	22	0.0	1.0	0.0
rec	X^(1/2)	6	17	18	22	0.0	1.0	0.0
rec	X^(1/4)	6	17	17	20	0.0	1.0	0.0
rec	X^(1/8)	6	17	16	20	0.0	1.0	0.0
rec	H	6	17	16	19	0.0	1.0	0.0
rec	X	6	17	16	19	0.0	1.0	0.0
rec	Y	6	17	17	28	0.0	1.0	0.0
rec	Z	6	17	30	36	0.0	1.0	0.0
rec	Rx	6	17	40	35	0.0	1.0	0.0
rec	Ry	6	17	18	21	0.0	1.0	0.0
rec	Rz	6	17	16	19	0.0	1.0	0.0
rec	X^(1/2)	6	18	15	20	0.0	1.0	0.0
rec	X^(1/4)	6	18	15	20	0.0	1.0	0.0
rec	X^(1/8)	6	18	16	21	0.0	1.0	0.0
rec	H	6	18	16	19	0.0	1.0	0.0
rec	X	6	18	21	25	0.0	1.0	0.0
rec	Y	6	18	18	21	0.0	1.0	0.0
rec	Z	6	18	17	22	0.0	1.0	0.0
rec	Rx	6	18	19	23	0.0	1.0	0.0
rec	Ry	6	18	20	23	0.0	1.0	0.0
rec	Rz	6	18	21	22	0.0	1.0	0.0
rec	X^(1/2)	6	19	38	44	0.0	1.0	0.0
rec	X^(1/4)	6	19	27	30	0.0	1.0	0.0
rec	X^(1/8)	6	19	28	22	0.0	1.0	0.0
rec	H	6	19	18	21	0.0	1.0	0.0
rec	X	6	19	17	22	0.0	1.0	0.0
rec	Y	6	19	17	21	0.0	1.0	0.0
rec	Z	6	19	17	21	0.0	1.0	0.0
rec	Rx	6	19	17	20	0.0	1.0	0.0
rec	Ry	6	19	17	21	0.0	1.0	0.0
rec	Rz	6	19	17	22	0.0	1.0	0.0
rec	X^(1/2)	6	20	46	21	0.0	1.0	0.0
rec	X^(1/4)	6	20	17	20	0.0	1.0	0.0
rec	X^(1/8)	6	20	19	22	0.0	1.0	0.0
rec	H	6	20	19	21	0.0	1.0	0.0
rec	X	6	20	18	20	0.0	1.0	0.0
rec	Y	6	20	16	20	0.0	1.0	0.0
rec	Z	6	20	21	31	0.0	1.0	0.0
rec	Rx	6	20	21	25	0.0	1.0	0.0
rec	Ry	6	20	21	28	0.0	1.0	0.0
rec	Rz	6	20	19	20	0.0	1.0	0.0
rec	X^(1/2)	6	21	16	20	0.0	1.0	0.0
rec	X^(1/4)	6	21	15	19	0.0	1.0	0.0
rec	X^(1/8)	6	21	16	20	0.0	1.0	0.0
rec	H	6	21	16	19	0.0	1.0	0.0
rec	X	6	21	17	20	0.0	1.0	0.0
rec	Y	6	21	16	20	0.0	1.0	0.0
rec	Z	6	21	16	20	0.0	1.0	0.0
rec	Rx	6	21	16	19	0.0	1.0	0.0
rec	Ry	6	21	16	20	0.0	1.0	0.0
rec	Rz	6	21	16	20	0.0	1.0	0.0
rec	X^(1/2)	6	22	15	19	0.0	1.0	0.0
rec	X^(1/4)	6	22	16	19	0.0	1.0	0.0
rec	X^(1/8)	6	22	16	19	0.0	1.0	0.0
rec	H	6	22	16	19	0.0	1.0	0.0
rec	X	6	22	18	21	0.0	1.0	0.0
rec	Y	6	22	20	23	0.0	1.0	0.0
rec	Z	6	22	21	23	0.0	1.0	0.0
rec	Rx	6	22	43	51	0.0	1.0	0.0
rec	Ry	6	22	26	28	0.0	1.0	0.0
rec	Rz	6	22	17	19	0.0	1.0	0.0
rec	X^(1/2)	6	23	15	19	0.0	1.0	0.0
rec	X^(1/4)	6	23	15	18	0.0	1.0	0.0
rec	X^(1/8)	6	23	16	19	0.0	1.0	0.0
rec	H	6	23	16	19	0.0	1.0	0.0
rec	X	6	23	16	19	0.0	1.0	0.0
rec	Y	6	23	15	19	0.0	1.0	0.0
rec	Z	6	23	16	19	0.0	1.0	0.0
rec	Rx	6	23	16	19	0.0	1.0	0.0
rec	Ry	6	23	16	19	0.0	1.0	0.0
rec	Rz	6	23	19	24	0.0	1.0	0.0
rec	X^(1/2)	6	24	18	24	0.0	1.0	0.0
rec	X^(1/4)	6	24	18	24	0.0	1.0	0.0
rec	X^(1/8)	6	24	18	24	0.0	1.0	0.0
rec	H	6	24	17	24	0.0	1.0	0.0
rec	X	6	24	15	19	0.0	1.0	0.0
rec	Y	6	24	15	20	0.0	1.0	0.0
rec	Z	6	24	16	19	0.0	1.0	0.0
rec	Rx	6	24	16	20	0.0	1.0	0.0
rec	Ry	6	24	16	19	0.0	1.0	0.0
rec	Rz	6	24	16	20	0.0	1.0	0.0
rec	X^(1/2)	6	25	16	20	0.0	1.0	0.0
rec	X^(1/4)	6	25	16	20	0.0	1.0	0.0
rec	X^(1/8)	6	25	15	20	0.0	1.0	0.0
rec	H	6	25	15	20	0.0	1.0	0.0
rec	X	6	25	16	19	0.0	1.0	0.0
rec	Y	6	25	16	20	0.0	1.0	0.0
rec	Z	6	25	16	19	0.0	1.0	0.0
rec	Rx	6	25	15	20	0.0	1.0	0.0
rec	Ry	6	25	16	19	0.0	1.0	0.0
rec	Rz	6	25	15	19	0.0	1.0	0.0
rec	X^(1/2)	6	26	15	20	0.0	1.0	0.0
rec	X^(1/4)	6	26	16	19	0.0	1.0	0.0
rec	X^(1/8)	6	26	16	19	0.0	1.0	0.0
rec	H	6	26	16	19	0.0	1.0	0.0
rec	X	6	26	16	20	0.0	1.0	0.0
rec	Y	6	26	16	20	0.0	1.0	0.0
rec	Z	6	26	15	20	0.0	1.0	0.0
rec	Rx	6	26	18	19	0.0	1.0	0.0
rec	Ry	6	26	16	20	0.0	1.0	0.0
rec	Rz	6	26	21	28	0.0	1.0	0.0
rec	X^(1/2)	6	27	18	23	0.0	1.0	0.0
rec	X^(1/4)	6	27	19	23	0.0	1.0	0.0
rec	X^(1/8)	6	27	19	21	0.0	1.0	0.0
rec	H	6	27	19	20	0.0	1.0	0.0
rec	X	6	27	17	20	0.0	1.0	0.0
rec	Y	6	27	19	24	0.0	1.0	0.0
rec	Z	6	27	18	22	0.0	1.0	0.0
rec	Rx	6	27	18	23	0.0	1.0	0.0
rec	Ry	6	27	17	23	0.0	1.0	0.0
rec	Rz	6	27	20	25	0.0	1.0	0.0
rec	X^(1/2)	6	28	21	24	0.0	1.0	0.0
rec	X^(1/4)	6	28	20	22	0.0	1.0	0.0
rec	X^(1/8)	6	28	18	22	0.0	1.0	0.0
rec	H	6	28	18	21	0.0	1.0	0.0
rec	X	6	28	18	22	0.0	1.0	0.0
rec	Y	6	28	19	22	0.0	1.0	0.0
rec	Z	6	28	18	23	0.0	1.0	0.0
rec	Rx	6	28	24	22	0.0	1.0	0.0
rec	Ry	6	28	21	23	0.0	1.0	0.0
rec	Rz	6	28	19	22	0.0	1.0	0.0
rec	X^(1/2)	6	29	19	23	0.0	1.0	0.0
rec	X^(1/4)	6	29	17	22	0.0	1.0	0.0
rec	X^(1/8)	6	29	16	21	0.0	1.0	0.0
rec	H	6	29	15	19	0.0	1.0	0.0
rec	X	6	29	15	19	0.0	1.0	0.0
rec	Y	6	29	15	18	0.0	1.0	0.0
rec	Z	6	29	16	19	0.0	1.0	0.0
rec	Rx	6	29	15	19	0.0	1.0	0.0
rec	Ry	6	29	15	19	0.0	1.0	0.0
rec	Rz	6	29	15	19	0.0	1.0	0.0
rec	X^(1/2)	6	30	15	19	0.0	1.0	0.0
rec	X^(1/4)	6	30	15	19	0.0	1.0	0.0
rec	X^(1/8)	6	30	16	20	0.0	1.0	0.0
rec	H	6	30	15	19	0.0	1.0	0.0
rec	X	6	30	16	19	0.0	1.0	0.0
rec	Y	6	30	16	19	0.0	1.0	0.0
rec	Z	6	30	16	21	0.0	1.0	0.0
rec	Rx	6	30	16	19	0.0	1.0	0.0
rec	Ry	6	30	17	20	0.0	1.0	0.0
rec	Rz	6	30	16	19	0.0	1.0	0.0
rec	X^(1/2)	6	31	18	20	0.0	1.0	0.0
rec	X^(1/4)	6	31	20	23	0.0	1.0	0.0
rec	X^(1/8)	6	31	19	23	0.0	1.0	0.0
rec	H	6	31	20	22	0.0	1.0	0.0
rec	X	6	31	19	23	0.0	1.0	0.0
rec	Y	6	31	17	20	0.0	1.0	0.0
rec	Z	6	31	18	23	0.0	1.0	0.0
rec	Rx	6	31	17	19	0.0	1.0	0.0
rec	Ry	6	31	16	20	0.0	1.0	0.0
rec	Rz	6	31	15	20	0.0	1.0	0.0
rec	X^(1/2)	6	32	17	19	0.0	1.0	0.0
rec	X^(1/4)	6	32	22	21	0.0	1.0	0.0
rec	X^(1/8)	6	32	18	20	0.0	1.0	0.0
rec	H	6	32	17	21	0.0	1.0	0.0
rec	X	6	32	17	22	0.0	1.0	0.0
rec	Y	6	32	19	22	0.0	1.0	0.0
rec	Z	6	32	21	22	0.0	1.0	0.0
rec	Rx	6	32	19	23	0.0	1.0	0.0
rec	Ry	6	32	20	23	0.0	1.0	0.0
rec	Rz	6	32	18	22	0.0	1.0	0.0
rec	X^(1/2)	6	33	18	21	0.0	1.0	0.0
rec	X^(1/4)	6	33	18	23	0.0	1.0	0.0
rec	X^(1/8)	6	33	17	20	0.0	1.0	0.0
rec	H	6	33	16	30	0.0	1.0	0.0
rec	X	6	33	18	21	0.0	1.0	0.0
rec	Y	6	33	17	20	0.0	1.0	0.0
rec	Z	6	33	17	20	0.0	1.0	0.0
rec	Rx	6	33	15	21	0.0	1.0	0.0
rec	Ry	6	33	17	19	0.0	1.0	0.0
rec	Rz	6	33	15	21	0.0	1.0	0.0
rec	X^(1/2)	6	34	16	21	0.0	1.0	0.0
rec	X^(1/4)	6	34	15	20	0.0	1.0	0.0
rec	X^(1/8)	6	34	19	21	0.0	1.0	0.0
rec	H	6	34	16	22	0.0	1.0	0.0
rec	X	6	34	18	20	0.0	1.0	0.0
rec	Y	6	34	16	20	0.0	1.0	0.0
rec	Z	6	34	18	20	0.0	1.0	0.0
rec	Rx	6	34	18	22	0.0	1.0	0.0
rec	Ry	6	34	20	22	0.0	1.0	0.0
rec	Rz	6	34	21	27	0.0	1.0	0.0
rec	X^(1/2)	6	35	29	22	0.0	1.0	0.0
rec	X^(1/4)	6	35	18	21	0.0	1.0	0.0
rec	X^(1/8)	6	35	19	21	0.0	1.0	0.0
rec	H	6	35	18	21	0.0	1.0	0.0
rec	X	6	35	18	20	0.0	1.0	0.0
rec	Y	6	35	18	21	0.0	1.0	0.0
rec	Z	6	35	17	20	0.0	1.0	0.0
rec	Rx	6	35	17	22	0.0	1.0	0.0
rec	Ry	6	35	18	21	0.0	1.0	0.0
rec	Rz	6	35	17	21	0.0	1.0	0.0
rec	X^(1/2)	6	36	17	21	0.0	1.0	0.0
rec	X^(1/4)	6	36	18	21	0.0	1.0	0.0
rec	X^(1/8)	6	36	16	22	0.0	1.0	0.0
rec	H	6	36	18	21	0.0	1.0	0.0
rec	X	6	36	18	21	0.0	1.0	0.0
rec	Y	6	36	19	20	0.0	1.0	0.0
rec	Z	6	36	16	20	0.0	1.0	0.0
rec	Rx	6	36	16	20	0.0	1.0	0.0
rec	Ry	6	36	15	20	0.0	1.0	0.0
rec	Rz	6	36	16	19	0.0	1.0	0.0
rec	X^(1/2)	6	37	15	20	0.0	1.0	0.0
rec	X^(1/4)	6	37	16	20	0.0	1.0	0.0
rec	X^(1/8)	6	37	16	19	0.0	1.0	0.0
rec	H	6	37	16	20	0.0	1.0	0.0
rec	X	6	37	15	19	0.0	1.0	0.0
rec	Y	6	37	16	19	0.0	1.0	0.0
rec	Z	6	37	17	20	0.0	1.0	0.0
rec	Rx	6	37	16	20	0.0	1.0	0.0
rec	Ry	6	37	16	20	0.0	1.0	0.0
rec	Rz	6	37	16	21	0.0	1.0	0.0
rec	X^(1/2)	6	38	16	20	0.0	1.0	0.0
rec	X^(1/4)	6	38	73	22	0.0	1.0	0.0
rec	X^(1/8)	6	38	18	23	0.0	1.0	0.0
rec	H	6	38	18	24	0.0	1.0	0.0
rec	X	6	38	19	24	0.0	1.0	0.0
rec	Y	6	38	18	27	0.0	1.0	0.0
rec	Z	6	38	21	24	0.0	1.0	0.0
rec	Rx	6	38	18	23	0.0	1.0	0.0
rec	Ry	6	38	20	22	0.0	1.0	0.0
rec	Rz	6	38	18	21	0.0	1.0	0.0
rec	X^(1/2)	6	39	18	21	0.0	1.0	0.0
rec	X^(1/4)	6	39	18	19	0.0	1.0	0.0
rec	X^(1/8)	6	39	18	21	0.0	1.0	0.0
rec	H	6	39	19	22	0.0	1.0	0.0
rec	X	6	39	20	25	0.0	1.0	0.0
rec	Y	6	39	26	25	0.0	1.0	0.0
rec	Z	6	39	20	21	0.0	1.0	0.0
rec	Rx	6	39	18	23	0.0	1.0	0.0
rec	Ry	6	39	19	22	0.0	1.0	0.0
rec	Rz	6	39	21	21	0.0	1.0	0.0
rec	X^(1/2)	6	40	17	23	0.0	1.0	0.0
rec	X^(1/4)	6	40	18	22	0.0	1.0	0.0
rec	X^(1/8)	6	40	20	22	0.0	1.0	0.0
rec	H	6	40	19	22	0.0	1.0	0.0
rec	X	6	40	22	24	0.0	1.0	0.0
rec	Y	6	40	18	22	0.0	1.0	0.0
rec	Z	6	40	22	24	0.0	1.0	0.0
rec	Rx	6	40	18	23	0.0	1.0	0.0
rec	Ry	6	40	18	22	0.0	1.0	0.0
rec	Rz	6	40	21	23	0.0	1.0	0.0
rec	X^(1/2)	6	41	20	22	0.0	1.0	0.0
rec	X^(1/4)	6	41	18	21	0.0	1.0	0.0
rec	X^(1/8)	6	41	16	21	0.0	1.0	0.0
rec	H	6	41	17	21	0.0	1.0	0.0
rec	X	6	41	18	20	0.0	1.0	0.0
rec	Y	6	41	16	22	0.0	1.0	0.0
rec	Z	6	41	18	29	0.0	1.0	0.0
rec	Rx	6	41	22	25	0.0	1.0	0.0
rec	Ry	6	41	21	27	0.0	1.0	0.0
rec	Rz	6	41	20	25	0.0	1.0	0.0
rec	X^(1/2)	6	42	21	23	0.0	1.0	0.0
rec	X^(1/4)	6	42	21	22	0.0	1.0	0.0
rec	X^(1/8)	6	42	17	22	0.0	1.0	0.0
rec	H	6	42	19	21	0.0	1.0	0.0
rec	X	6	42	19	20	0.0	1.0	0.0
rec	Y	6	42	19	21	0.0	1.0	0.0
rec	Z	6	42	15	19	0.0	1.0	0.0
rec	Rx	6	42	17	19	0.0	1.0	0.0
rec	Ry	6	42	16	19	0.0	1.0	0.0
rec	Rz	6	42	16	19	0.0	1.0	0.0
rec	X^(1/2)	6	43	15	19	0.0	1.0	0.0
rec	X^(1/4)	6	43	15	18	0.0	1.0	0.0
rec	X^(1/8)	6	43	16	19	0.0	1.0	0.0
rec	H	6	43	16	19	0.0	1.0	0.0
rec	X	6	43	17	19	0.0	1.0	0.0
rec	Y	6	43	16	19	0.0	1.0	0.0
rec	Z	6	43	15	19	0.0	1.0	0.0
rec	Rx	6	43	15	19	0.0	1.0	0.0
rec	Ry	6	43	15	19	0.0	1.0	0.0
rec	Rz	6	43	16	19	0.0	1.0	0.0
rec	X^(1/2)	6	44	15	20	0.0	1.0	0.0
rec	X^(1/4)	6	44	16	19	0.0	1.0	0.0
rec	X^(1/8)	6	44	16	20	0.0	1.0	0.0
rec	H	6	44	16	20	0.0	1.0	0.0
rec	X	6	44	16	19	0.0	1.0	0.0
rec	Y	6	44	16	19	0.0	1.0	0.0
rec	Z	6	44	15	19	0.0	1.0	0.0
rec	Rx	6	44	15	19	0.0	1.0	0.0
rec	Ry	6	44	16	20	0.0	1.0	0.0
rec	Rz	6	44	15	20	0.0	1.0	0.0
rec	X^(1/2)	6	45	16	19	0.0	1.0	0.0
rec	X^(1/4)	6	45	16	19	0.0	1.0	0.0
rec	X^(1/8)	6	45	16	19	0.0	1.0	0.0
rec	H	6	45	16	21	0.0	1.0	0.0
rec	X	6	45	18	22	0.0	1.0	0.0
rec	Y	6	45	17	22	0.0	1.0	0.0
rec	Z	6	45	17	20	0.0	1.0	0.0
rec	Rx	6	45	17	23	0.0	1.0	0.0
rec	Ry	6	45	18	24	0.0	1.0	0.0
rec	Rz	6	45	17	20	0.0	1.0	0.0
rec	X^(1/2)	6	46	17	20	0.0	1.0	0.0
rec	X^(1/4)	6	46	17	19	0.0	1.0	0.0
rec	X^(1/8)	6	46	16	19	0.0	1.0	0.0
rec	H	6	46	16	19	0.0	1.0	0.0
rec	X	6	46	15	22	0.0	1.0	0.0
rec	Y	6	46	16	19	0.0	1.0	0.0
rec	Z	6	46	16	19	0.0	1.0	0.0
rec	Rx	6	46	16	20	0.0	1.0	0.0
rec	Ry	6	46	19	22	0.0	1.0	0.0
rec	Rz	6	46	17	20	0.0	1.0	0.0
rec	X^(1/2)	6	47	17	20	0.0	1.0	0.0
rec	X^(1/4)	6	47	16	19	0.0	1.0	0.0
rec	X^(1/8)	6	47	15	20	0.0	1.0	0.0
rec	H	6	47	16	19	0.0	1.0	0.0
rec	X	6	47	16	19	0.0	1.0	0.0
rec	Y	6	47	16	21	0.0	1.0	0.0
rec	Z	6	47	15	20	0.0	1.0	0.0
rec	Rx	6	47	16	19	0.0	1.0	0.0
rec	Ry	6	47	15	19	0.0	1.0	0.0
rec	Rz	6	47	15	19	0.0	1.0	0.0
rec	X^(1/2)	6	48	15	20	0.0	1.0	0.0
rec	X^(1/4)	6	48	16	19	0.0	1.0	0.0
rec	X^(1/8)	6	48	16	19	0.0	1.0	0.0
rec	H	6	48	15	20	0.0	1.0	0.0
rec	X	6	48	16	19	0.0	1.0	0.0
rec	Y	6	48	15	19	0.0	1.0	0.0
rec	Z	6	48	16	19	0.0	1.0	0.0
rec	Rx	6	48	16	19	0.0	1.0	0.0
rec	Ry	6	48	16	19	0.0	1.0	0.0
rec	Rz	6	48	17	19	0.0	1.0	0.0
rec	X^(1/2)	6	49	16	19	0.0	1.0	0.0
rec	X^(1/4)	6	49	16	21	0.0	1.0	0.0
rec	X^(1/8)	6	49	15	19	0.0	1.0	0.0
rec	H	6	49	15	19	0.0	1.0	0.0
rec	X	6	49	15	19	0.0	1.0	0.0
rec	Y	6	49	15	20	0.0	1.0	0.0
rec	Z	6	49	16	19	0.0	1.0	0.0
rec	Rx	6	49	15	19	0.0	1.0	0.0
rec	Ry	6	49	15	19	0.0	1.0	0.0
rec	Rz	6	49	15	19	0.0	1.0	0.0
rec	X^(1/2)	6	50	15	19	0.0	1.0	0.0
rec	X^(1/4)	6	50	15	18	0.0	1.0	0.0
rec	X^(1/8)	6	50	16	19	0.0	1.0	0.0
rec	H	6	50	17	20	0.0	1.0	0.0
rec	X	6	50	16	19	0.0	1.0	0.0
rec	Y	6	50	15	19	0.0	1.0	0.0
rec	Z	6	50	15	19	0.0	1.0	0.0
rec	Rx	6	50	15	19	0.0	1.0	0.0
rec	Ry	6	50	15	19	0.0	1.0	0.0
rec	Rz	6	50	15	19	0.0	1.0	0.0
rec	X^(1/2)	6	51	15	19	0.0	1.0	0.0
rec	X^(1/4)	6	51	16	20	0.0	1.0	0.0
rec	X^(1/8)	6	51	16	20	0.0	1.0	0.0
rec	H	6	51	15	19	0.0	1.0	0.0
rec	X	6	51	15	19	0.0	1.0	0.0
rec	Y	6	51	16	19	0.0	1.0	0.0
rec	Z	6	51	16	19	0.0	1.0	0.0
rec	Rx	6	51	17	20	0.0	1.0	0.0
rec	Ry	6	51	15	20	0.0	1.0	0.0
rec	Rz	6	51	18	19	0.0	1.0	0.0
rec	X^(1/2)	6	52	16	19	0.0	1.0	0.0
rec	X^(1/4)	6	52	15	19	0.0	1.0	0.0
rec	X^(1/8)	6	52	15	19	0.0	1.0	0.0
rec	H	6	52	15	19	0.0	1.0	0.0
rec	X	6	52	15	19	0.0	1.0	0.0
rec	Y	6	52	16	18	0.0	1.0	0.0
rec	Z	6	52	16	19	0.0	1.0	0.0
rec	Rx	6	52	16	19	0.0	1.0	0.0
rec	Ry	6	52	16	19	0.0	1.0	0.0
rec	Rz	6	52	16	19	0.0	1.0	0.0
rec	X^(1/2)	6	53	16	19	0.0	1.0	0.0
rec	X^(1/4)	6	53	16	20	0.0	1.0	0.0
rec	X^(1/8)	6	53	15	19	0.0	1.0	0.0
rec	H	6	53	16	19	0.0	1.0	0.0
rec	X	6	53	15	19	0.0	1.0	0.0
rec	Y	6	53	16	19	0.0	1.0	0.0
rec	Z	6	53	17	21	0.0	1.0	0.0
rec	Rx	6	53	16	18	0.0	1.0	0.0
rec	Ry	6	53	15	19	0.0	1.0	0.0
rec	Rz	6	53	16	19	0.0	1.0	0.0
rec	X^(1/2)	6	54	16	19	0.0	1.0	0.0
rec	X^(1/4)	6	54	15	19	0.0	1.0	0.0
rec	X^(1/8)	6	54	15	19	0.0	1.0	0.0
rec	H	6	54	15	19	0.0	1.0	0.0
rec	X	6	54	15	19	0.0	1.0	0.0
rec	Y	6	54	15	20	0.0	1.0	0.0
rec	Z	6	54	15	19	0.0	1.0	0.0
rec	Rx	6	54	15	19	0.0	1.0	0.0
rec	Ry	6	54	15	19	0.0	1.0	0.0
rec	Rz	6	54	15	19	0.0	1.0	0.0
rec	X^(1/2)	6	55	16	19	0.0	1.0	0.0
rec	X^(1/4)	6	55	16	19	0.0	1.0	0.0
rec	X^(1/8)	6	55	15	19	0.0	1.0	0.0
rec	H	6	55	15	19	0.0	1.0	0.0
rec	X	6	55	15	19	0.0	1.0	0.0
rec	Y	6	55	15	19	0.0	1.0	0.0
rec	Z	6	55	15	19	0.0	1.0	0.0
rec	Rx	6	55	17	20	0.0	1.0	0.0
rec	Ry	6	55	16	18	0.0	1.0	0.0
rec	Rz	6	55	15	21	0.0	1.0	0.0
rec	X^(1/2)	6	56	15	19	0.0	1.0	0.0
rec	X^(1/4)	6	56	16	19	0.0	1.0	0.0
rec	X^(1/8)	6	56	41	19	0.0	1.0	0.0
rec	H	6	56	16	19	0.0	1.0	0.0
rec	X	6	56	15	19	0.0	1.0	0.0
rec	Y	6	56	15	19	0.0	1.0	0.0
rec	Z	6	56	15	19	0.0	1.0	0.0
rec	Rx	6	56	16	19	0.0	1.0	0.0
rec	Ry	6	56	16	19	0.0	1.0	0.0
rec	Rz	6	56	15	19	0.0	1.0	0.0
rec	X^(1/2)	6	57	15	19	0.0	1.0	0.0
rec	X^(1/4)	6	57	15	19	0.0	1.0	0.0
rec	X^(1/8)	6	57	15	20	0.0	1.0	0.0
rec	H	6	57	17	19	0.0	1.0	0.0
rec	X	6	57	15	19	0.0	1.0	0.0
rec	Y	6	57	15	19	0.0	1.0	0.0
rec	Z	6	57	15	19	0.0	1.0	0.0
rec	Rx	6	57	16	19	0.0	1.0	0.0
rec	Ry	6	57	16	19	0.0	1.0	0.0
rec	Rz	6	57	15	19	0.0	1.0	0.0
rec	X^(1/2)	6	58	15	19	0.0	1.0	0.0
rec	X^(1/4)	6	58	15	19	0.0	1.0	0.0
rec	X^(1/8)	6	58	15	19	0.0	1.0	0.0
rec	H	6	58	15	19	0.0	1.0	0.0
rec	X	6	58	15	19	0.0	1.0	0.0
rec	Y	6	58	15	19	0.0	1.0	0.0
rec	Z	6	58	16	19	0.0	1.0	0.0
rec	Rx	6	58	16	20	0.0	1.0	0.0
rec	Ry	6	58	16	19	0.0	1.0	0.0
rec	Rz	6	58	15	19	0.0	1.0	0.0
rec	X^(1/2)	6	59	15	20	0.0	1.0	0.0
rec	X^(1/4)	6	59	16	19	0.0	1.0	0.0
rec	X^(1/8)	6	59	15	19	0.0	1.0	0.0
rec	H	6	59	15	19	0.0	1.0	0.0
rec	X	6	59	15	19	0.0	1.0	0.0
rec	Y	6	59	15	20	0.0	1.0	0.0
rec	Z	6	59	15	20	0.0	1.0	0.0
rec	Rx	6	59	16	19	0.0	1.0	0.0
rec	Ry	6	59	15	19	0.0	1.0	0.0
rec	Rz	6	59	15	19	0.0	1.0	0.0
rec	X^(1/2)	6	60	15	19	0.0	1.0	0.0
rec	X^(1/4)	6	60	15	21	0.0	1.0	0.0
rec	X^(1/8)	6	60	16	19	0.0	1.0	0.0
rec	H	6	60	15	19	0.0	1.0	0.0
rec	X	6	60	15	19	0.0	1.0	0.0
rec	Y	6	60	16	19	0.0	1.0	0.0
rec	Z	6	60	16	19	0.0	1.0	0.0
rec	Rx	6	60	16	19	0.0	1.0	0.0
rec	Ry	6	60	16	19	0.0	1.0	0.0
rec	Rz	6	60	15	19	0.0	1.0	0.0
rec	X^(1/2)	6	61	16	19	0.0	1.0	0.0
rec	X^(1/4)	6	61	16	19	0.0	1.0	0.0
rec	X^(1/8)	6	61	15	20	0.0	1.0	0.0
rec	H	6	61	16	20	0.0	1.0	0.0
rec	X	6	61	17	19	0.0	1.0	0.0
rec	Y	6	61	16	20	0.0	1.0	0.0
rec	Z	6	61	16	19	0.0	1.0	0.0
rec	Rx	6	61	16	19	0.0	1.0	0.0
rec	Ry	6	61	15	20	0.0	1.0	0.0
rec	Rz	6	61	15	19	0.0	1.0	0.0
rec	X^(1/2)	6	62	15	19	0.0	1.4142135	0.0
rec	X^(1/4)	6	62	16	19	0.0	1.306563	0.0
rec	X^(1/8)	6	62	16	19	0.0	1.1758755	0.0
rec	H	6	62	16	19	0.0	1.4142135	0.0
rec	X	6	62	16	19	0.0	1.0	0.0
rec	Y	6	62	15	20	0.0	1.0	0.0
rec	Z	6	62	16	21	0.0	1.0	0.0
rec	Rx	6	62	17	25	0.0	1.3065629	0.0
rec	Ry	6	62	19	25	0.0	1.3065629	0.0
rec	Rz	6	62	21	24	0.0	1.0	0.0
rec	X^(1/2)	6	63	20	20	0.0	1.4142135	0.0
rec	X^(1/4)	6	63	18	23	0.0	1.306563	0.0
rec	X^(1/8)	6	63	18	21	0.0	1.1758755	0.0
rec	H	6	63	18	20	0.0	1.4142135	0.0
rec	X	6	63	17	21	0.0	1.0	0.0
rec	Y	6	63	16	19	0.0	1.0	0.0
rec	Z	6	63	15	19	0.0	1.0	0.0
rec	Rx	6	63	16	19	0.0	1.3065629	0.0
rec	Ry	6	63	16	20	0.0	1.3065629	0.0
rec	Rz	6	63	17	22	0.0	1.0	0.0
rec	X^(1/2)	7	0	57	65	0.0	1.0	0.0
rec	X^(1/4)	7	0	47	60	0.0	1.0	0.0
rec	X^(1/8)	7	0	46	59	0.0	1.0	0.0
rec	H	7	0	46	60	0.0	1.0	0.0
rec	X	7	0	46	63	0.0	1.0	0.0
rec	Y	7	0	52	63	0.0	1.0	0.0
rec	Z	7	0	49	61	0.0	1.0	0.0
rec	Rx	7	0	47	62	0.0	1.0	0.0
rec	Ry	7	0	49	62	0.0	1.0	0.0
rec	Rz	7	0	51	63	0.0	1.0	0.0
rec	X^(1/2)	7	1	73	59	0.0	1.0	0.0
rec	X^(1/4)	7	1	49	66	0.0	1.0	0.0
rec	X^(1/8)	7	1	56	61	0.0	1.0	0.0
rec	H	7	1	47	60	0.0	1.0	0.0
rec	X	7	1	47	59	0.0	1.0	0.0
rec	Y	7	1	47	65	0.0	1.0	0.0
rec	Z	7	1	50	60	0.0	1.0	0.0
rec	Rx	7	1	48	61	0.0	1.0	0.0
rec	Ry	7	1	48	63	0.0	1.0	0.0
rec	Rz	7	1	48	61	0.0	1.0	0.0
rec	X^(1/2)	7	2	50	71	0.0	1.0	0.0
rec	X^(1/4)	7	2	61	85	0.0	1.0	0.0
rec	X^(1/8)	7	2	55	77	0.0	1.0	0.0
rec	H	7	2	57	81	0.0	1.0	0.0
rec	X	7	2	60	82	0.0	1.0	0.0
rec	Y	7	2	66	79	0.0	1.0	0.0
rec	Z	7	2	77	78	0.0	1.0	0.0
rec	Rx	7	2	60	66	0.0	1.0	0.0
rec	Ry	7	2	64	68	0.0	1.0	0.0
rec	Rz	7	2	51	70	0.0	1.0	0.0
rec	X^(1/2)	7	3	57	70	0.0	1.0	0.0
rec	X^(1/4)	7	3	48	62	0.0	1.0	0.0
rec	X^(1/8)	7	3	50	63	0.0	1.0	0.0
rec	H	7	3	62	76	0.0	1.0	0.0
rec	X	7	3	58	68	0.0	1.0	0.0
rec	Y	7	3	48	61	0.0	1.0	0.0
rec	Z	7	3	50	61	0.0	1.0	0.0
rec	Rx	7	3	73	61	0.0	1.0	0.0
rec	Ry	7	3	50	63	0.0	1.0	0.0
rec	Rz	7	3	48	66	0.0	1.0	0.0
rec	X^(1/2)	7	4	52	64	0.0	1.0	0.0
rec	X^(1/4)	7	4	53	66	0.0	1.0	0.0
rec	X^(1/8)	7	4	58	69	0.0	1.0	0.0
rec	H	7	4	52	67	0.0	1.0	0.0
rec	X	7	4	65	75	0.0	1.0	0.0
rec	Y	7	4	59	74	0.0	1.0	0.0
rec	Z	7	4	53	66	0.0	1.0	0.0
rec	Rx	7	4	52	66	0.0	1.0	0.0
rec	Ry	7	4	53	67	0.0	1.0	0.0
rec	Rz	7	4	56	65	0.0	1.0	0.0
rec	X^(1/2)	7	5	55	67	0.0	1.0	0.0
rec	X^(1/4)	7	5	60	65	0.0	1.0	0.0
rec	X^(1/8)	7	5	52	64	0.0	1.0	0.0
rec	H	7	5	51	63	0.0	1.0	0.0
rec	X	7	5	51	68	0.0	1.0	0.0
rec	Y	7	5	52	60	0.0	1.0	0.0
rec	Z	7	5	46	60	0.0	1.0	0.0
rec	Rx	7	5	50	60	0.0	1.0	0.0
rec	Ry	7	5	46	59	0.0	1.0	0.0
rec	Rz	7	5	49	80	0.0	1.0	0.0
rec	X^(1/2)	7	6	60	80	0.0	1.0	0.0
rec	X^(1/4)	7	6	55	77	0.0	1.0	0.0
rec	X^(1/8)	7	6	53	79	0.0	1.0	0.0
rec	H	7	6	55	112	0.0	1.0	0.0
rec	X	7	6	52	64	0.0	1.0	0.0
rec	Y	7	6	50	63	0.0	1.0	0.0
rec	Z	7	6	54	66	0.0	1.0	0.0
rec	Rx	7	6	50	65	0.0	1.0	0.0
rec	Ry	7	6	56	64	0.0	1.0	0.0
rec	Rz	7	6	46	62	0.0	1.0	0.0
rec	X^(1/2)	7	7	49	66	0.0	1.0	0.0
rec	X^(1/4)	7	7	47	62	0.0	1.0	0.0
rec	X^(1/8)	7	7	62	65	0.0	1.0	0.0
rec	H	7	7	50	65	0.0	1.0	0.0
rec	X	7	7	47	59	0.0	1.0	0.0
rec	Y	7	7	48	60	0.0	1.0	0.0
rec	Z	7	7	47	72	0.0	1.0	0.0
rec	Rx	7	7	49	65	0.0	1.0	0.0
